1.034021377563476562e-03 4.812500000000000000e+00 7.631250000000000000e+01 2.537500000000000000e+02
5.548715591430664062e-03 3.375000000000000000e+00 7.650000000000000000e+01 2.540000000000000000e+02
7.070779800415039062e-03 -8.125000000000000000e-01 7.525000000000000000e+01 2.487500000000000000e+02
9.064197540283203125e-03 -6.250000000000000000e-02 7.075000000000000000e+01 2.481875000000000000e+02
9.064197540283203125e-03 -1.000000000000000000e+00 7.237500000000000000e+01 2.460625000000000000e+02
1.308894157409667969e-02 -1.937500000000000000e+00 7.893750000000000000e+01 2.461250000000000000e+02
1.713585853576660156e-02 6.875000000000000000e-01 7.443750000000000000e+01 2.477500000000000000e+02
1.713585853576660156e-02 2.500000000000000000e+00 7.443750000000000000e+01 2.510000000000000000e+02
2.246594429016113281e-02 2.437500000000000000e+00 7.262500000000000000e+01 2.533125000000000000e+02
2.246594429016113281e-02 5.750000000000000000e+00 7.581250000000000000e+01 2.571875000000000000e+02
1.073062419891357422e-01 6.562500000000000000e+00 7.731250000000000000e+01 2.573125000000000000e+02
2.132024765014648438e-01 1.312500000000000000e+00 7.518750000000000000e+01 2.527500000000000000e+02
3.189160823822021484e-01 8.125000000000000000e-01 7.325000000000000000e+01 2.506250000000000000e+02
4.235250949859619141e-01 1.125000000000000000e+00 7.168750000000000000e+01 2.488125000000000000e+02
5.307328701019287109e-01 -1.812500000000000000e+00 7.675000000000000000e+01 2.461875000000000000e+02
6.354358196258544922e-01 -1.125000000000000000e+00 7.912500000000000000e+01 2.466875000000000000e+02
7.395031452178955078e-01 3.062500000000000000e+00 7.550000000000000000e+01 2.515625000000000000e+02
8.423476219177246094e-01 1.812500000000000000e+00 7.337500000000000000e+01 2.536250000000000000e+02
9.496526718139648438e-01 2.937500000000000000e+00 7.318750000000000000e+01 2.555000000000000000e+02
1.055253744125366211e+00 6.000000000000000000e+00 7.700000000000000000e+01 2.582500000000000000e+02
1.161330938339233398e+00 4.500000000000000000e+00 7.718750000000000000e+01 2.574375000000000000e+02
1.268032550811767578e+00 -1.875000000000000000e-01 7.625000000000000000e+01 2.513750000000000000e+02
1.372635841369628906e+00 7.500000000000000000e-01 7.075000000000000000e+01 2.488125000000000000e+02
1.475458860397338867e+00 5.000000000000000000e-01 7.206250000000000000e+01 2.463750000000000000e+02
1.583593130111694336e+00 -1.812500000000000000e+00 7.875000000000000000e+01 2.447500000000000000e+02
1.687241315841674805e+00 1.875000000000000000e-01 7.725000000000000000e+01 2.470000000000000000e+02
1.791468381881713867e+00 2.812500000000000000e+00 7.531250000000000000e+01 2.510625000000000000e+02
1.895722150802612305e+00 1.500000000000000000e+00 7.168750000000000000e+01 2.522500000000000000e+02
1.999976158142089844e+00 3.812500000000000000e+00 7.268750000000000000e+01 2.556250000000000000e+02
2.105498075485229492e+00 6.062500000000000000e+00 7.781250000000000000e+01 2.565000000000000000e+02
2.210995435714721680e+00 1.625000000000000000e+00 7.456250000000000000e+01 2.525625000000000000e+02
2.316060066223144531e+00 6.250000000000000000e-02 7.418750000000000000e+01 2.490625000000000000e+02
2.421876668930053711e+00 1.375000000000000000e+00 7.206250000000000000e+01 2.461875000000000000e+02
2.527216196060180664e+00 -1.437500000000000000e+00 7.575000000000000000e+01 2.426250000000000000e+02
2.630129814147949219e+00 -2.187500000000000000e+00 8.093750000000000000e+01 2.426875000000000000e+02
2.737471342086791992e+00 2.000000000000000000e+00 7.600000000000000000e+01 2.473750000000000000e+02
2.842552423477172852e+00 1.937500000000000000e+00 7.425000000000000000e+01 2.498125000000000000e+02
2.947493076324462891e+00 2.437500000000000000e+00 7.212500000000000000e+01 2.510000000000000000e+02
3.053736925125122070e+00 6.250000000000000000e+00 7.675000000000000000e+01 2.547500000000000000e+02
3.158734083175659180e+00 5.312500000000000000e+00 7.743750000000000000e+01 2.549375000000000000e+02
3.264896869659423828e+00 2.500000000000000000e-01 7.643750000000000000e+01 2.490625000000000000e+02
3.369319200515747070e+00 8.125000000000000000e-01 7.143750000000000000e+01 2.468125000000000000e+02
3.475251436233520508e+00 8.750000000000000000e-01 7.187500000000000000e+01 2.458125000000000000e+02
3.579495906829833984e+00 -2.000000000000000000e+00 7.762500000000000000e+01 2.438125000000000000e+02
3.683315515518188477e+00 -9.375000000000000000e-01 7.750000000000000000e+01 2.447500000000000000e+02
3.787699937820434570e+00 3.125000000000000000e+00 7.562500000000000000e+01 2.516875000000000000e+02
3.892398834228515625e+00 1.500000000000000000e+00 7.206250000000000000e+01 2.531250000000000000e+02
3.996751070022583008e+00 2.375000000000000000e+00 7.243750000000000000e+01 2.548125000000000000e+02
4.101925373077392578e+00 5.937500000000000000e+00 7.693750000000000000e+01 2.562500000000000000e+02
4.207809925079345703e+00 3.937500000000000000e+00 7.593750000000000000e+01 2.548750000000000000e+02
4.313550949096679688e+00 1.875000000000000000e-01 7.593750000000000000e+01 2.494375000000000000e+02
4.417995452880859375e+00 1.375000000000000000e+00 7.062500000000000000e+01 2.470000000000000000e+02
4.524325609207153320e+00 -1.125000000000000000e+00 7.325000000000000000e+01 2.445625000000000000e+02
4.629595279693603516e+00 -2.437500000000000000e+00 8.062500000000000000e+01 2.435625000000000000e+02
4.734470605850219727e+00 1.250000000000000000e+00 7.537500000000000000e+01 2.472500000000000000e+02
4.839166641235351562e+00 2.500000000000000000e+00 7.518750000000000000e+01 2.500625000000000000e+02
4.942868709564208984e+00 2.687500000000000000e+00 7.237500000000000000e+01 2.518750000000000000e+02
5.046289682388305664e+00 5.125000000000000000e+00 7.581250000000000000e+01 2.550000000000000000e+02
5.152159690856933594e+00 5.937500000000000000e+00 7.856250000000000000e+01 2.547500000000000000e+02
5.256589889526367188e+00 5.625000000000000000e-01 7.631250000000000000e+01 2.490000000000000000e+02
5.363138437271118164e+00 5.625000000000000000e-01 7.312500000000000000e+01 2.470625000000000000e+02
5.469234466552734375e+00 4.375000000000000000e-01 7.300000000000000000e+01 2.447500000000000000e+02
5.575195312500000000e+00 -1.750000000000000000e+00 7.656250000000000000e+01 2.425625000000000000e+02
5.679890632629394531e+00 -1.250000000000000000e+00 7.950000000000000000e+01 2.435000000000000000e+02
5.785565376281738281e+00 3.375000000000000000e+00 7.568750000000000000e+01 2.484375000000000000e+02
5.890066385269165039e+00 2.000000000000000000e+00 7.306250000000000000e+01 2.490625000000000000e+02
5.994575500488281250e+00 3.187500000000000000e+00 7.225000000000000000e+01 2.507500000000000000e+02
6.101119041442871094e+00 5.437500000000000000e+00 7.606250000000000000e+01 2.519375000000000000e+02
6.205919981002807617e+00 4.125000000000000000e+00 7.612500000000000000e+01 2.522500000000000000e+02
6.313839673995971680e+00 6.250000000000000000e-02 7.668750000000000000e+01 2.471250000000000000e+02
6.420651912689208984e+00 1.250000000000000000e+00 7.100000000000000000e+01 2.449375000000000000e+02
6.525595664978027344e+00 -5.625000000000000000e-01 7.331250000000000000e+01 2.417500000000000000e+02
6.630386829376220703e+00 -1.375000000000000000e+00 7.843750000000000000e+01 2.413750000000000000e+02
6.735059022903442383e+00 1.187500000000000000e+00 7.581250000000000000e+01 2.439375000000000000e+02
6.838613510131835938e+00 3.250000000000000000e+00 7.581250000000000000e+01 2.481250000000000000e+02
6.944297313690185547e+00 2.312500000000000000e+00 7.150000000000000000e+01 2.499375000000000000e+02
7.051263570785522461e+00 4.125000000000000000e+00 7.431250000000000000e+01 2.533125000000000000e+02
7.153183937072753906e+00 6.250000000000000000e+00 7.862500000000000000e+01 2.538750000000000000e+02
7.262137413024902344e+00 2.625000000000000000e+00 7.587500000000000000e+01 2.505625000000000000e+02
7.368376255035400391e+00 7.500000000000000000e-01 7.443750000000000000e+01 2.472500000000000000e+02
7.473122596740722656e+00 1.375000000000000000e+00 7.156250000000000000e+01 2.456250000000000000e+02
7.578644990921020508e+00 -8.125000000000000000e-01 7.562500000000000000e+01 2.426875000000000000e+02
7.683920383453369141e+00 -1.000000000000000000e+00 8.000000000000000000e+01 2.433750000000000000e+02
7.786390542984008789e+00 1.750000000000000000e+00 7.537500000000000000e+01 2.456250000000000000e+02
7.892751693725585938e+00 1.125000000000000000e+00 7.368750000000000000e+01 2.476875000000000000e+02
7.999719142913818359e+00 2.750000000000000000e+00 7.325000000000000000e+01 2.498750000000000000e+02
8.102171897888183594e+00 5.875000000000000000e+00 7.781250000000000000e+01 2.543750000000000000e+02
8.209583520889282227e+00 5.812500000000000000e+00 7.900000000000000000e+01 2.535000000000000000e+02
8.315379858016967773e+00 3.125000000000000000e-01 7.712500000000000000e+01 2.468125000000000000e+02
8.419203758239746094e+00 6.250000000000000000e-01 7.225000000000000000e+01 2.440000000000000000e+02
8.526366472244262695e+00 7.500000000000000000e-01 7.243750000000000000e+01 2.425625000000000000e+02
8.631197452545166016e+00 -2.000000000000000000e+00 7.787500000000000000e+01 2.408750000000000000e+02
8.736194610595703125e+00 -1.000000000000000000e+00 7.900000000000000000e+01 2.426875000000000000e+02
8.841195821762084961e+00 2.500000000000000000e+00 7.556250000000000000e+01 2.472500000000000000e+02
8.946864604949951172e+00 1.000000000000000000e+00 7.262500000000000000e+01 2.481250000000000000e+02
9.051694631576538086e+00 1.750000000000000000e+00 7.287500000000000000e+01 2.500625000000000000e+02
9.156490325927734375e+00 5.187500000000000000e+00 7.775000000000000000e+01 2.524375000000000000e+02
9.261547088623046875e+00 3.125000000000000000e+00 7.625000000000000000e+01 2.518125000000000000e+02
9.367237567901611328e+00 -1.250000000000000000e-01 7.543750000000000000e+01 2.471875000000000000e+02
9.471434116363525391e+00 1.062500000000000000e+00 6.993750000000000000e+01 2.453750000000000000e+02
9.575176000595092773e+00 -5.000000000000000000e-01 7.237500000000000000e+01 2.424375000000000000e+02
9.679214000701904297e+00 -1.562500000000000000e+00 7.793750000000000000e+01 2.421875000000000000e+02
9.784295320510864258e+00 7.500000000000000000e-01 7.543750000000000000e+01 2.449375000000000000e+02
9.889046430587768555e+00 2.750000000000000000e+00 7.518750000000000000e+01 2.483125000000000000e+02
9.994738340377807617e+00 1.812500000000000000e+00 7.193750000000000000e+01 2.498750000000000000e+02
1.010028886795043945e+01 4.937500000000000000e+00 7.650000000000000000e+01 2.541875000000000000e+02
1.020505237579345703e+01 5.625000000000000000e+00 7.831250000000000000e+01 2.528750000000000000e+02
1.030936074256896973e+01 9.375000000000000000e-01 7.550000000000000000e+01 2.481875000000000000e+02
1.041555619239807129e+01 1.000000000000000000e+00 7.375000000000000000e+01 2.465000000000000000e+02
1.051920747756958008e+01 7.500000000000000000e-01 7.300000000000000000e+01 2.435625000000000000e+02
1.062352466583251953e+01 -2.062500000000000000e+00 7.800000000000000000e+01 2.413125000000000000e+02
1.072803759574890137e+01 -1.375000000000000000e+00 8.006250000000000000e+01 2.417500000000000000e+02
1.083352470397949219e+01 2.687500000000000000e+00 7.618750000000000000e+01 2.467500000000000000e+02
1.093449044227600098e+01 1.562500000000000000e+00 7.381250000000000000e+01 2.475625000000000000e+02
1.104236507415771484e+01 2.750000000000000000e+00 7.268750000000000000e+01 2.499375000000000000e+02
1.114841818809509277e+01 5.500000000000000000e+00 7.506250000000000000e+01 2.514375000000000000e+02
1.125384020805358887e+01 5.562500000000000000e+00 7.637500000000000000e+01 2.521250000000000000e+02
1.135858893394470215e+01 -1.875000000000000000e-01 7.506250000000000000e+01 2.458125000000000000e+02
1.146549606323242188e+01 5.625000000000000000e-01 7.100000000000000000e+01 2.446250000000000000e+02
1.156946539878845215e+01 3.750000000000000000e-01 7.193750000000000000e+01 2.426875000000000000e+02
1.167337918281555176e+01 -2.437500000000000000e+00 7.881250000000000000e+01 2.411250000000000000e+02
1.177752327919006348e+01 0.000000000000000000e+00 7.600000000000000000e+01 2.430625000000000000e+02
1.188131618499755859e+01 2.312500000000000000e+00 7.462500000000000000e+01 2.463125000000000000e+02
1.198579120635986328e+01 1.000000000000000000e+00 7.118750000000000000e+01 2.475625000000000000e+02
1.209077191352844238e+01 3.562500000000000000e+00 7.350000000000000000e+01 2.515000000000000000e+02
1.219701504707336426e+01 5.625000000000000000e+00 7.843750000000000000e+01 2.518750000000000000e+02
1.230084872245788574e+01 2.250000000000000000e+00 7.587500000000000000e+01 2.496250000000000000e+02
1.240819287300109863e+01 5.000000000000000000e-01 7.487500000000000000e+01 2.453125000000000000e+02
1.251375722885131836e+01 1.375000000000000000e+00 7.156250000000000000e+01 2.426875000000000000e+02
1.261779737472534180e+01 -1.125000000000000000e+00 7.525000000000000000e+01 2.392500000000000000e+02
1.272143530845642090e+01 -1.187500000000000000e+00 8.056250000000000000e+01 2.401875000000000000e+02
1.282824373245239258e+01 2.000000000000000000e+00 7.537500000000000000e+01 2.432500000000000000e+02
1.293248796463012695e+01 2.375000000000000000e+00 7.562500000000000000e+01 2.461250000000000000e+02
1.303757905960083008e+01 2.812500000000000000e+00 7.212500000000000000e+01 2.477500000000000000e+02
1.314341902732849121e+01 5.312500000000000000e+00 7.418750000000000000e+01 2.511875000000000000e+02
1.324794125556945801e+01 6.250000000000000000e+00 7.775000000000000000e+01 2.521875000000000000e+02
1.335372662544250488e+01 6.250000000000000000e-01 7.412500000000000000e+01 2.465625000000000000e+02
1.345901823043823242e+01 -2.500000000000000000e-01 7.262500000000000000e+01 2.430000000000000000e+02
1.356453561782836914e+01 6.875000000000000000e-01 7.250000000000000000e+01 2.417500000000000000e+02
1.366945171356201172e+01 -2.312500000000000000e+00 7.793750000000000000e+01 2.400625000000000000e+02
1.377503943443298340e+01 -1.500000000000000000e+00 7.968750000000000000e+01 2.413750000000000000e+02
1.387996721267700195e+01 2.000000000000000000e+00 7.625000000000000000e+01 2.456250000000000000e+02
1.398458051681518555e+01 1.187500000000000000e+00 7.287500000000000000e+01 2.471875000000000000e+02
1.409029269218444824e+01 2.562500000000000000e+00 7.287500000000000000e+01 2.494375000000000000e+02
1.419634222984313965e+01 5.937500000000000000e+00 7.818750000000000000e+01 2.518750000000000000e+02
1.429970669746398926e+01 3.687500000000000000e+00 7.618750000000000000e+01 2.504375000000000000e+02
1.440692043304443359e+01 -6.250000000000000000e-02 7.581250000000000000e+01 2.450000000000000000e+02
1.451381301879882812e+01 9.375000000000000000e-01 7.143750000000000000e+01 2.435000000000000000e+02
1.461789798736572266e+01 -8.750000000000000000e-01 7.325000000000000000e+01 2.405000000000000000e+02
1.472408795356750488e+01 -2.562500000000000000e+00 8.031250000000000000e+01 2.400625000000000000e+02
1.482694625854492188e+01 1.187500000000000000e+00 7.631250000000000000e+01 2.444375000000000000e+02
1.493154430389404297e+01 2.812500000000000000e+00 7.625000000000000000e+01 2.470000000000000000e+02
1.504000353813171387e+01 2.312500000000000000e+00 7.275000000000000000e+01 2.485625000000000000e+02
1.514573669433593750e+01 5.125000000000000000e+00 7.562500000000000000e+01 2.521875000000000000e+02
1.525089669227600098e+01 6.750000000000000000e+00 7.931250000000000000e+01 2.521875000000000000e+02
1.535507202148437500e+01 1.062500000000000000e+00 7.568750000000000000e+01 2.471875000000000000e+02
1.546278500556945801e+01 6.250000000000000000e-01 7.375000000000000000e+01 2.448750000000000000e+02
1.556779646873474121e+01 8.750000000000000000e-01 7.281250000000000000e+01 2.432500000000000000e+02
1.567351675033569336e+01 -2.937500000000000000e+00 7.793750000000000000e+01 2.395625000000000000e+02
1.577850794792175293e+01 -1.937500000000000000e+00 8.006250000000000000e+01 2.404375000000000000e+02
1.588096761703491211e+01 2.250000000000000000e+00 7.581250000000000000e+01 2.456875000000000000e+02
1.598895120620727539e+01 1.625000000000000000e+00 7.437500000000000000e+01 2.469375000000000000e+02
1.609476613998413086e+01 2.937500000000000000e+00 7.237500000000000000e+01 2.484375000000000000e+02
1.619920516014099121e+01 6.250000000000000000e+00 7.575000000000000000e+01 2.520625000000000000e+02
1.630756497383117676e+01 5.375000000000000000e+00 7.681250000000000000e+01 2.530625000000000000e+02
1.641352391242980957e+01 1.875000000000000000e-01 7.568750000000000000e+01 2.471875000000000000e+02
1.651761388778686523e+01 8.750000000000000000e-01 7.150000000000000000e+01 2.450625000000000000e+02
1.662317085266113281e+01 8.125000000000000000e-01 7.150000000000000000e+01 2.426875000000000000e+02
1.672856330871582031e+01 -2.062500000000000000e+00 7.806250000000000000e+01 2.408125000000000000e+02
1.683252191543579102e+01 0.000000000000000000e+00 7.743750000000000000e+01 2.426250000000000000e+02
1.693861532211303711e+01 3.125000000000000000e+00 7.556250000000000000e+01 2.466875000000000000e+02
1.704458570480346680e+01 2.000000000000000000e+00 7.243750000000000000e+01 2.486875000000000000e+02
1.714925479888916016e+01 3.250000000000000000e+00 7.368750000000000000e+01 2.516875000000000000e+02
1.725473141670227051e+01 6.250000000000000000e+00 7.881250000000000000e+01 2.526250000000000000e+02
1.736000680923461914e+01 3.875000000000000000e+00 7.662500000000000000e+01 2.503125000000000000e+02
1.746421122550964355e+01 1.312500000000000000e+00 7.543750000000000000e+01 2.461875000000000000e+02
1.756588149070739746e+01 2.937500000000000000e+00 7.112500000000000000e+01 2.461875000000000000e+02
1.767300772666931152e+01 -5.000000000000000000e-01 7.381250000000000000e+01 2.423125000000000000e+02
1.777491760253906250e+01 -1.312500000000000000e+00 7.931250000000000000e+01 2.423750000000000000e+02
1.788261651992797852e+01 1.500000000000000000e+00 7.593750000000000000e+01 2.446875000000000000e+02
1.798869991302490234e+01 2.875000000000000000e+00 7.600000000000000000e+01 2.468125000000000000e+02
1.809237861633300781e+01 2.187500000000000000e+00 7.225000000000000000e+01 2.476250000000000000e+02
1.819979119300842285e+01 5.125000000000000000e+00 7.525000000000000000e+01 2.527500000000000000e+02
1.830707669258117676e+01 6.375000000000000000e+00 7.868750000000000000e+01 2.532500000000000000e+02
1.840980935096740723e+01 1.187500000000000000e+00 7.568750000000000000e+01 2.491875000000000000e+02
1.851450705528259277e+01 3.750000000000000000e-01 7.381250000000000000e+01 2.473750000000000000e+02
1.862150263786315918e+01 6.250000000000000000e-02 7.368750000000000000e+01 2.453125000000000000e+02
1.872486019134521484e+01 -1.812500000000000000e+00 7.837500000000000000e+01 2.442500000000000000e+02
1.883271479606628418e+01 -1.750000000000000000e+00 8.043750000000000000e+01 2.435000000000000000e+02
1.893659329414367676e+01 2.812500000000000000e+00 7.700000000000000000e+01 2.488750000000000000e+02
1.904486346244812012e+01 2.187500000000000000e+00 7.337500000000000000e+01 2.507500000000000000e+02
1.914810585975646973e+01 3.062500000000000000e+00 7.206250000000000000e+01 2.525625000000000000e+02
1.925622415542602539e+01 6.812500000000000000e+00 7.706250000000000000e+01 2.545000000000000000e+02
1.935769009590148926e+01 5.000000000000000000e+00 7.681250000000000000e+01 2.537500000000000000e+02
1.946564865112304688e+01 3.125000000000000000e-01 7.581250000000000000e+01 2.473750000000000000e+02
1.956975889205932617e+01 1.562500000000000000e+00 7.062500000000000000e+01 2.446875000000000000e+02
1.967551660537719727e+01 4.375000000000000000e-01 7.225000000000000000e+01 2.421875000000000000e+02
1.977944302558898926e+01 -1.562500000000000000e+00 7.831250000000000000e+01 2.407500000000000000e+02
1.988545608520507812e+01 9.375000000000000000e-01 7.637500000000000000e+01 2.439375000000000000e+02
1.999160361289978027e+01 3.250000000000000000e+00 7.568750000000000000e+01 2.481250000000000000e+02
2.009821724891662598e+01 2.187500000000000000e+00 7.206250000000000000e+01 2.496875000000000000e+02
2.020473909378051758e+01 4.500000000000000000e+00 7.387500000000000000e+01 2.536250000000000000e+02
2.031053566932678223e+01 6.625000000000000000e+00 7.806250000000000000e+01 2.536250000000000000e+02
2.041325473785400391e+01 2.000000000000000000e+00 7.512500000000000000e+01 2.483750000000000000e+02
2.052024221420288086e+01 6.875000000000000000e-01 7.437500000000000000e+01 2.445625000000000000e+02
2.062511968612670898e+01 1.437500000000000000e+00 7.162500000000000000e+01 2.424375000000000000e+02
2.072901487350463867e+01 -1.375000000000000000e+00 7.643750000000000000e+01 2.386875000000000000e+02
2.083578276634216309e+01 -1.312500000000000000e+00 8.050000000000000000e+01 2.396250000000000000e+02
2.093910598754882812e+01 2.625000000000000000e+00 7.581250000000000000e+01 2.445000000000000000e+02
2.104746127128601074e+01 2.250000000000000000e+00 7.387500000000000000e+01 2.463750000000000000e+02
2.115407681465148926e+01 2.687500000000000000e+00 7.218750000000000000e+01 2.487500000000000000e+02
2.125904107093811035e+01 6.062500000000000000e+00 7.587500000000000000e+01 2.531250000000000000e+02
2.136389970779418945e+01 6.062500000000000000e+00 7.825000000000000000e+01 2.537500000000000000e+02
2.146415209770202637e+01 1.000000000000000000e+00 7.531250000000000000e+01 2.480625000000000000e+02
2.157188630104064941e+01 6.250000000000000000e-01 7.231250000000000000e+01 2.453125000000000000e+02
2.167630481719970703e+01 1.000000000000000000e+00 7.118750000000000000e+01 2.430000000000000000e+02
2.178042101860046387e+01 -2.125000000000000000e+00 7.587500000000000000e+01 2.399375000000000000e+02
2.188567829132080078e+01 -1.062500000000000000e+00 8.012500000000000000e+01 2.411250000000000000e+02
2.199253082275390625e+01 2.750000000000000000e+00 7.500000000000000000e+01 2.451875000000000000e+02
2.209632325172424316e+01 2.125000000000000000e+00 7.300000000000000000e+01 2.479375000000000000e+02
2.220280838012695312e+01 3.562500000000000000e+00 7.268750000000000000e+01 2.510625000000000000e+02
2.230820512771606445e+01 6.375000000000000000e+00 7.693750000000000000e+01 2.530000000000000000e+02
2.241206407546997070e+01 5.437500000000000000e+00 7.712500000000000000e+01 2.528125000000000000e+02
2.251799702644348145e+01 8.750000000000000000e-01 7.631250000000000000e+01 2.459375000000000000e+02
2.262274146080017090e+01 1.750000000000000000e+00 7.112500000000000000e+01 2.433125000000000000e+02
2.272805809974670410e+01 9.375000000000000000e-01 7.262500000000000000e+01 2.412500000000000000e+02
2.283374285697937012e+01 -1.250000000000000000e+00 7.850000000000000000e+01 2.410625000000000000e+02
2.293967223167419434e+01 5.000000000000000000e-01 7.768750000000000000e+01 2.429375000000000000e+02
2.304517173767089844e+01 2.687500000000000000e+00 7.593750000000000000e+01 2.463750000000000000e+02
2.315056443214416504e+01 1.875000000000000000e+00 7.168750000000000000e+01 2.483750000000000000e+02
2.325594282150268555e+01 4.125000000000000000e+00 7.331250000000000000e+01 2.525625000000000000e+02
2.336012148857116699e+01 5.750000000000000000e+00 7.718750000000000000e+01 2.523125000000000000e+02
2.346528553962707520e+01 2.562500000000000000e+00 7.500000000000000000e+01 2.485625000000000000e+02
2.357087421417236328e+01 3.125000000000000000e-01 7.525000000000000000e+01 2.449375000000000000e+02
2.367659306526184082e+01 1.750000000000000000e+00 7.075000000000000000e+01 2.436875000000000000e+02
2.378262329101562500e+01 -8.750000000000000000e-01 7.331250000000000000e+01 2.396250000000000000e+02
2.388876128196716309e+01 -1.250000000000000000e+00 7.987500000000000000e+01 2.405000000000000000e+02
2.399392461776733398e+01 2.500000000000000000e+00 7.500000000000000000e+01 2.449375000000000000e+02
2.409788203239440918e+01 2.562500000000000000e+00 7.456250000000000000e+01 2.475000000000000000e+02
2.420621466636657715e+01 3.125000000000000000e+00 7.231250000000000000e+01 2.505000000000000000e+02
2.431218552589416504e+01 6.312500000000000000e+00 7.587500000000000000e+01 2.550000000000000000e+02
2.441474938392639160e+01 6.875000000000000000e+00 7.806250000000000000e+01 2.549375000000000000e+02
2.452171492576599121e+01 1.125000000000000000e+00 7.512500000000000000e+01 2.487500000000000000e+02
2.462731289863586426e+01 2.500000000000000000e-01 7.206250000000000000e+01 2.455625000000000000e+02
2.473063015937805176e+01 1.125000000000000000e+00 7.193750000000000000e+01 2.441250000000000000e+02
2.483633971214294434e+01 -1.625000000000000000e+00 7.668750000000000000e+01 2.418750000000000000e+02
2.494428968429565430e+01 -8.750000000000000000e-01 7.843750000000000000e+01 2.428750000000000000e+02
2.505077338218688965e+01 3.125000000000000000e+00 7.512500000000000000e+01 2.472500000000000000e+02
2.515354633331298828e+01 1.937500000000000000e+00 7.300000000000000000e+01 2.492500000000000000e+02
2.526070141792297363e+01 3.375000000000000000e+00 7.300000000000000000e+01 2.519375000000000000e+02
