0.000000000000000000e+00
5.974383069585000872e-01
1.795220375061035156e-02
5.990613773219917171e-01
3.590369224548339844e-02
-1.140413040762104924e-01
5.385661125183105469e-02
-7.358946313321286237e-01
7.180881500244140625e-02
9.123673847082931498e-01
8.976006507873535156e-02
-9.664890790551738942e-01
1.067616939544677734e-01
9.729530727072099872e-02
1.246669292449951172e-01
1.958752069049853883e-01
1.426191329956054688e-01
-1.509895842353161655e-01
1.605718135833740234e-01
-6.719262298999173488e-01
