0.000000000000000000e+00
6.159343698147878854e-02
1.795172691345214844e-02
-1.833785760424444522e-01
3.590369224548339844e-02
-3.978067574155927932e-01
5.385661125183105469e-02
3.319570953304349370e-01
7.180857658386230469e-02
-5.123499742259489675e-01
8.976006507873535156e-02
3.895630693684282164e-02
1.077408790588378906e-01
-7.113037235748609355e-01
1.256647109985351562e-01
-8.802945425334574026e-01
1.436166763305664062e-01
5.099678750541933869e-01
1.615705490112304688e-01
3.709627045080907681e-01
