9.546279907226562500e-04
6.053234362206605379e-01
1.895141601562500000e-02
-3.329235509057013598e-01
3.685903549194335938e-02
7.706874286954330522e-01
5.481147766113281250e-02
-5.907091572174221206e-01
7.280111312866210938e-02
-3.106020774710556154e-01
9.078073501586914062e-02
-4.669961589000726221e-01
1.087098121643066406e-01
-5.614690259089527569e-01
1.266448497772216797e-01
-7.266171580251552520e-01
1.445863246917724609e-01
1.281239485746334950e-01
1.625311374664306641e-01
5.830434924977421218e-01
